scale_EE-Et_25-trigger-noPF =  0.95000 +/- 0.0050000 L(0.95 - 1.05) // [GeV]
scale_EB-Et_25-trigger-noPF =  1.0173 +/- 0.0050000 L(0.95 - 1.05) // [GeV]
constTerm_EE-invMass_100_200-ZPt_0_10-Et_25-trigger-noPF =  0.0000 +/- 0.030000 C L(0 - 0.05) 
constTerm_EB-invMass_100_200-ZPt_0_10-Et_25-trigger-noPF =  0.0000 +/- 0.030000 C L(0 - 0.05) 
